GRU s pos
{
    "accuracy": 0.8498578535891969,
    "accuracy_per_label": {
        ".": 0.9576502732240437,
        "ADJ": 0.6914893617021277,
        "ADP": 0.8743589743589744,
        "ADV": 0.8461538461538461,
        "CONJ": 0.801980198019802,
        "DET": 0.9761904761904762,
        "NOUN": 0.759666413949962,
        "NUM": 0.5978260869565217,
        "PRON": 0.9629629629629629,
        "PRT": 0.9440559440559441,
        "VERB": 0.8655172413793103,
        "X": 0.8189655172413793,
        "<pad>": 0
    },
    "loss": 0.5074954032897949
}
LSTM2D s pos
{
    "accuracy": 0.8557213930348259,
    "accuracy_per_label": {
        ".": 0.9562841530054644,
        "ADJ": 0.6312056737588653,
        "ADP": 0.8794871794871795,
        "ADV": 0.8301282051282052,
        "CONJ": 0.7722772277227723,
        "DET": 0.9761904761904762,
        "NOUN": 0.7968157695223654,
        "NUM": 0.6086956521739131,
        "PRON": 0.9649122807017544,
        "PRT": 0.8811188811188811,
        "VERB": 0.8701149425287357,
        "X": 0.8379310344827586,
        "<pad>": 0
    },
    "loss": 0.5085562467575073
}
BASELINE s pos
{
    "accuracy": 0.6329068941009239,
    "accuracy_per_label": {
        ".": 0.9412568306010929,
        "ADJ": 0.4078014184397163,
        "ADP": 0.8794871794871795,
        "ADV": 0.7339743589743589,
        "CONJ": 0.801980198019802,
        "DET": 0.8979591836734694,
        "NOUN": 0.3616376042456406,
        "NUM": 0.2608695652173913,
        "PRON": 0.9454191033138402,
        "PRT": 0.8601398601398601,
        "VERB": 0.6758620689655173,
        "X": 0.2482758620689655,
        "<pad>": 0
    },
    "loss": 1.0954257249832153
}
GRU s ner
